make run-parOMP N=46000 P=5 T=4
./jacobipar-OpenMP 46000 4

-----Num threads = 2-----

35.025916
35.186493
35.196943
35.006464
35.211375
35.075308
35.083732
35.130725
35.204399
35.138304
35.171608
35.129970
35.138609
35.110009
35.119804
35.199255
35.004080
35.485183
35.753927
35.470799
35.731912
35.296790
35.253014
35.205786
35.234539
35.146993
35.200483
35.246295
35.168624
35.179457

-----Num threads = 4-----

18.735078
18.765816
18.694640
18.716814
18.681280
18.596775
18.632843
18.645506
18.840557
18.720882
18.668854
18.782925
18.829570
18.664236
18.707603
18.548528
18.633285
18.647183
18.674217
18.837550
18.728203
18.653064
18.612105
18.861957
18.718336
18.699617
18.778206
18.820596
18.771097
18.810690