mpirun -np 5 -host hal02,hal03,hal04,hal05,hal06 teste 46000 5 4

-----Num threads = 2-----

8.505617
7.615267
7.615814
7.626120
7.623095
7.584873
7.612347
7.660023
7.670373
7.651109
7.665672
7.695844
7.681276
7.700167
7.638160
7.654417
7.609641
7.688607
7.700475
7.570351
7.647231
7.687485
7.677528
7.667830
7.665810
7.600368
7.652758
7.699454
7.686036
7.675181

-----Num threads = 4-----

4.075401
4.022240
4.059128
4.051031
4.061119
4.046973
4.047354
4.020569
4.052827
4.083869
4.061886
4.103532
4.026098
4.069038
4.083335
4.059483
4.078368
4.052105
4.103551
4.093022
4.044354
4.082239
4.049885
4.093499
4.057003
4.050533
4.066537
4.066401
4.038180
4.091403

-----Num threads = 8-----

3.950745
3.934405
3.945305
3.950667
3.935441
3.948030
3.957988
3.974236
3.945589
3.961378
3.952518
3.937259
3.949502
3.936624
4.008988
3.961220
3.950121
3.977590
3.948080
3.949664
3.957517
3.959965
3.963313
3.946964
3.958805
3.945944
3.958125
3.956844
3.957924
3.957465

-----Num threads = 10-----

4.331588
4.360356
4.383112
4.346379
4.393387
4.361186
4.407997
4.342243
4.372826
4.373830
4.396598
4.359832
4.392534
4.377033
4.324218
4.388640
4.350278
4.366521
4.383050
4.361525
4.389277
4.386671
4.414898
4.370437
4.375010
4.372962
4.312490
4.394939
4.427156
4.393542